procs -----------memory---------- ---swap-- -----io---- -system-- ------cpu-----
 r  b   swpd   free   buff  cache   si   so    bi    bo   in   cs us sy id wa st
 0  0      0 255960   3332 289924    0    0    17    15  103  224  0  2 98  0  0
 0  0      0 255900   3332 289896    0    0     0     0   98  210  0  2 98  0  0
 1  0      0 255900   3332 289896    0    0     0     0   97  200  0  2 98  0  0
 1  0      0 255900   3332 289896    0    0     0     0   99  204  0  4 96  0  0
 2  0      0 255900   3332 289896    0    0     0     0   99  196  0  3 97  0  0
 2  0      0 255900   3332 289896    0    0     0     0  105  209  0  4 96  0  0
 1  0      0 255900   3332 289896    0    0     0     0  104  209  0  3 97  0  0
 2  0      0 255900   3332 289896    0    0     0     0   98  207  0  2 98  0  0
 1  0      0 255900   3332 289896    0    0     0     0  100  201  0  3 97  0  0
 1  0      0 255900   3332 289896    0    0     0     0   87  188  0  2 98  0  0
 1  0      0 255900   3332 289896    0    0     0     0   86  181  0  4 96  0  0
 1  0      0 255900   3332 289896    0    0     0     0   89  198  0  3 97  0  0
 1  0      0 255900   3332 289896    0    0     0     0   90  198  0  2 98  0  0
 1  0      0 255900   3332 289896    0    0     0     0   91  188  0  4 96  0  0
 1  0      0 255900   3332 289896    0    0     0     0   94  197  0  3 97  0  0
 1  0      0 255900   3332 289896    0    0     0     0   90  210  0  3 97  0  0
 1  0      0 255900   3332 289896    0    0     0     0   85  181  0  2 98  0  0
 3  0      0 255900   3332 289896    0    0     0     0   89  197  0  3 97  0  0
 1  0      0 255900   3332 289896    0    0     0     0   93  195  0  3 97  0  0
 1  0      0 255900   3332 289896    0    0     0     0   91  194  0  3 97  0  0
 2  0      0 255900   3332 289896    0    0     0     0   93  196  0  3 97  0  0
procs -----------memory---------- ---swap-- -----io---- -system-- ------cpu-----
 r  b   swpd   free   buff  cache   si   so    bi    bo   in   cs us sy id wa st
 2  0      0 255900   3332 289896    0    0     0     0   86  192  0  3 97  0  0
 1  0      0 255900   3332 289896    0    0     0     0   92  183  0  3 97  0  0
 1  0      0 255900   3332 289896    0    0     0     0   85  189  0  2 98  0  0
 1  0      0 255900   3332 289896    0    0     0     6   97  207  0  3 97  0  0
 1  0      0 255900   3332 289896    0    0     0     0   94  205  0  4 96  0  0
 2  0      0 255900   3332 289896    0    0     0     0   91  196  0  2 98  0  0
 2  0      0 255900   3332 289896    0    0     0     0   85  187  0  3 97  0  0
 1  0      0 255900   3332 289896    0    0     0     0   94  194  0  4 96  0  0
 2  0      0 255900   3332 289896    0    0     0     0   86  190  0  3 97  0  0
 2  0      0 255900   3332 289896    0    0     0     0   96  201  0  1 99  0  0
 2  0      0 255900   3332 289896    0    0     0 13292  126  207  0  5 95  0  0
 3  0      0 255900   3332 289896    0    0     0     0  105  203  0  4 96  0  0
 2  0      0 255900   3332 289896    0    0     0     0   84  179  0  6 94  0  0
 2  0      0 255900   3332 289896    0    0     0     0  100  207  0  3 97  0  0
 5  0      0 255900   3332 289896    0    0     0     0   88  197  1  2 97  0  0
 2  0      0 255900   3332 289896    0    0     0     0   90  193  0  4 96  0  0
 1  0      0 255900   3332 289896    0    0     0     0   94  195  0  3 97  0  0
 2  0      0 255900   3332 289896    0    0     0     0   87  196  0  1 99  0  0
 0  0      0 255900   3332 289896    0    0     0     0   88  184  0  4 96  0  0
 1  0      0 255900   3332 289896    0    0     0     0   95  206  0  2 98  0  0
 1  0      0 255900   3332 289896    0    0     0     0   83  193  0  1 99  0  0
procs -----------memory---------- ---swap-- -----io---- -system-- ------cpu-----
 r  b   swpd   free   buff  cache   si   so    bi    bo   in   cs us sy id wa st
 1  0      0 255900   3332 289896    0    0     0     0   91  201  0  0 100  0  0
 1  0      0 255900   3332 289896    0    0     0     0   85  196  0  3 97  0  0
 2  0      0 255900   3332 289896    0    0     0     0   84  192  0  1 99  0  0
 1  0      0 255900   3332 289900    0    0     0     0   86  191  0  1 99  0  0
 0  0      0 255900   3332 289904    0    0     0     0   96  204  0  3 97  0  0
 0  0      0 255900   3332 289904    0    0     0     0   94  206  0  3 97  0  0
 0  0      0 255900   3332 289904    0    0     0     0   99  204  0  3 97  0  0
 0  0      0 255900   3332 289904    0    0     0     0   91  201  0  4 96  0  0
 0  0      0 255900   3332 289904    0    0     0     0   91  191  0  2 98  0  0
 0  0      0 255900   3332 289904    0    0     0     0   92  196  0  3 97  0  0
 0  0      0 255900   3332 289904    0    0     0     0   90  204  0  2 98  0  0
 0  0      0 255900   3332 289904    0    0     0     0   94  202  0  3 97  0  0
 0  0      0 255900   3332 289904    0    0     0    28   96  214  0  2 98  0  0
 1  0      0 255900   3332 289904    0    0     0     0  117  242  0  4 96  0  0
 1  0      0 255900   3332 289904    0    0     0     0  104  229  0  2 98  0  0
 0  0      0 255900   3332 289904    0    0     0     0  113  242  0  4 96  0  0
 0  0      0 255900   3332 289904    0    0     0     0  111  235  0  3 97  0  0
 0  0      0 255900   3332 289904    0    0     0     0  110  234  0  3 97  0  0
 0  0      0 255900   3332 289904    0    0     0     0  107  245  0  2 98  0  0
 0  0      0 255900   3332 289904    0    0     0     0  106  218  0  4 96  0  0
 0  0      0 255900   3332 289904    0    0     0     8  104  235  0  2 98  0  0
procs -----------memory---------- ---swap-- -----io---- -system-- ------cpu-----
 r  b   swpd   free   buff  cache   si   so    bi    bo   in   cs us sy id wa st
 0  0      0 255900   3332 289904    0    0     0     0  118  239  0  3 97  0  0
 0  0      0 255900   3332 289904    0    0     0     0  115  240  0  4 96  0  0
 0  0      0 255900   3332 289904    0    0     0     0  117  250  0  3 97  0  0
 0  0      0 255900   3332 289904    0    0     0     0  104  241  0  4 95  1  0
 3  0      0 255900   3332 289904    0    0     0     0  105  218  1  2 97  0  0
 0  0      0 255900   3332 289904    0    0     0     0  104  238  0  3 97  0  0
 0  0      0 255900   3332 289904    0    0     0     0  111  239  0  4 96  0  0
 1  0      0 255900   3332 289904    0    0     0     0  113  251  0  2 98  0  0
 1  0      0 255900   3332 289904    0    0     0     0  106  232  0  4 96  0  0
 0  0      0 255900   3332 289904    0    0     0     0  109  239  0  2 98  0  0
 0  0      0 255900   3332 289904    0    0     0     0   98  223  0  1 99  0  0
 0  0      0 255900   3332 289904    0    0     0     0  102  228  0  3 97  0  0
 0  0      0 255900   3332 289904    0    0     0     0  114  245  0  1 99  0  0
 0  0      0 255900   3332 289904    0    0     0     0  111  245  0  3 97  0  0
 0  0      0 255900   3332 289904    0    0     0     0  111  236  0  1 99  0  0
 1  0      0 255900   3332 289904    0    0     0     4  106  228  0  3 97  0  0
 0  0      0 255900   3332 289904    0    0     0     0  105  225  0  2 98  0  0
 0  0      0 255900   3332 289904    0    0     0     0   96  226  0  0 100  0  0
 0  0      0 255900   3332 289904    0    0     0     0  106  244  0  1 99  0  0
 0  0      0 255900   3332 289904    0    0     0     0  100  237  0  3 97  0  0
 0  0      0 255900   3332 289904    0    0     0     0  104  239  0  0 100  0  0
procs -----------memory---------- ---swap-- -----io---- -system-- ------cpu-----
 r  b   swpd   free   buff  cache   si   so    bi    bo   in   cs us sy id wa st
 0  0      0 255900   3332 289904    0    0     0    27  102  239  0  1 99  0  0
 0  0      0 255900   3332 289904    0    0     0     0  114  254  0  2 98  0  0
 1  0      0 255900   3332 289904    0    0     0     0   99  233  0  0 100  0  0
 0  0      0 255900   3332 289904    0    0     0     7  124  255  0  3 97  0  0
 0  0      0 255900   3332 289904    0    0     0     0  102  237  0  2 98  0  0
 0  0      0 255900   3332 289904    0    0     0     0  110  239  0  1 99  0  0
 0  0      0 255900   3332 289904    0    0     0     0  104  227  0  3 97  0  0
 0  0      0 255900   3332 289904    0    0     0     0  108  233  1  3 96  0  0
 0  0      0 255900   3332 289912    0    0     0     0  102  237  0  2 98  0  0
 1  0      0 255900   3332 289912    0    0     0     8  114  246  0  3 97  0  0
 0  0      0 255900   3332 289912    0    0     0     0  114  237  0  2 98  0  0
 1  0      0 255900   3332 289912    0    0     0     0  115  241  0  4 96  0  0
 0  0      0 255900   3332 289912    0    0     0     0  100  229  0  0 100  0  0
 0  0      0 255900   3332 289912    0    0     0     0  104  232  0  1 99  0  0
 1  0      0 255900   3332 289912    0    0     0     0   97  230  0  2 98  0  0
 0  0      0 255900   3332 289912    0    0     0     0  102  225  0  1 99  0  0
 1  0      0 255900   3332 289912    0    0     0     0  105  230  0  1 99  0  0
 1  0      0 255900   3332 289912    0    0     0     0   98  230  0  2 98  0  0
 0  0      0 255900   3332 289912    0    0     0     0  103  232  0  1 99  0  0
 0  0      0 255900   3332 289912    0    0     0     0  104  227  0  2 98  0  0
 1  0      0 255900   3332 289912    0    0     0     0  104  235  0  0 100  0  0
procs -----------memory---------- ---swap-- -----io---- -system-- ------cpu-----
 r  b   swpd   free   buff  cache   si   so    bi    bo   in   cs us sy id wa st
 0  0      0 255900   3332 289912    0    0     0     0  115  246  1  4 95  0  0
 0  0      0 255900   3332 289912    0    0     0     0  107  228  0  2 98  0  0
 0  0      0 255900   3332 289912    0    0     0     0  116  241  0  3 97  0  0
 1  0      0 255900   3332 289912    0    0     0     0  106  236  0  2 98  0  0
 1  0      0 255900   3332 289912    0    0     0     0  115  251  0  3 97  0  0
 0  0      0 255900   3332 289912    0    0     0     0  106  232  0  3 97  0  0
 0  0      0 255900   3332 289912    0    0     0     0  107  243  0  1 99  0  0
 0  0      0 255900   3332 289912    0    0     0     0  103  228  0  2 98  0  0
 1  0      0 255900   3332 289912    0    0     0     0  109  239  0  3 97  0  0
 0  0      0 255900   3332 289912    0    0     0     5  114  248  0  3 97  0  0
 0  0      0 255900   3332 289912    0    0     0     1  118  254  0  1 99  0  0
 4  0      0 255900   3332 289912    0    0     0     0  103  232  0  2 98  0  0
 1  0      0 255900   3332 289912    0    0     0     0  109  227  0  4 96  0  0
 0  0      0 255900   3332 289912    0    0     0     0  105  232  0  3 97  0  0
 0  0      0 255900   3332 289912    0    0     0     0  110  242  0  2 98  0  0
 0  0      0 255900   3332 289912    0    0     0     0  111  233  0  4 96  0  0
 0  0      0 255900   3332 289912    0    0     0     0  115  241  0  2 98  0  0
 0  0      0 255900   3332 289912    0    0     0     0  108  230  0  4 96  0  0
 0  0      0 255900   3332 289912    0    0     0     0  104  229  0  2 98  0  0
 0  0      0 255900   3332 289912    0    0     0     8  120  237  0  3 97  0  0
 0  0      0 255900   3332 289912    0    0     0     0  110  247  0  4 96  0  0
procs -----------memory---------- ---swap-- -----io---- -system-- ------cpu-----
 r  b   swpd   free   buff  cache   si   so    bi    bo   in   cs us sy id wa st
 0  0      0 255900   3332 289912    0    0     0     0  113  233  0  3 97  0  0
 0  0      0 255900   3332 289912    0    0     0     0  111  243  0  2 98  0  0
 1  0      0 255900   3332 289912    0    0     0     0  111  233  0  3 97  0  0
 1  0      0 255900   3332 289912    0    0     0     0   99  226  0  2 98  0  0
 0  0      0 255900   3332 289912    0    0     0     0  108  236  0  3 97  0  0
 0  0      0 255900   3332 289912    0    0     0     0  104  229  0  3 97  0  0
 1  0      0 255900   3332 289912    0    0     0     0  106  237  0  3 97  0  0
 0  0      0 255900   3332 289912    0    0     0     0  100  228  0  3 97  0  0
 0  0      0 255900   3332 289912    0    0     0     0  106  232  0  2 98  0  0
 0  0      0 255900   3332 289912    0    0     0     0  105  241  0  4 96  0  0
 0  0      0 255900   3332 289912    0    0     0     0  105  235  0  1 99  0  0
 0  0      0 255900   3332 289912    0    0     0     0  110  239  0  3 97  0  0
 0  0      0 255840   3332 289920    0    0     0     0  110  243  0  4 96  0  0
 1  0      0 255840   3332 289920    0    0     0     0  106  231  0  2 98  0  0
 0  0      0 255840   3332 289920    0    0     0     0  102  226  0  2 98  0  0
 0  0      0 255840   3332 289920    0    0     0     0  104  228  0  4 96  0  0
 0  0      0 255840   3332 289920    0    0     0     0  113  244  0  2 98  0  0
 0  0      0 255840   3332 289920    0    0     0     0  108  229  0  3 97  0  0
 2  0      0 255840   3332 289920    0    0     0     0  111  246  0  2 98  0  0
 3  0      0 255840   3332 289920    0    0     0    51  108  240  0  4 96  0  0
 0  0      0 255840   3332 289920    0    0     0     0  108  233  0  1 99  0  0
procs -----------memory---------- ---swap-- -----io---- -system-- ------cpu-----
 r  b   swpd   free   buff  cache   si   so    bi    bo   in   cs us sy id wa st
 0  0      0 255840   3332 289920    0    0     0     0  117  240  0  3 97  0  0
 0  0      0 255840   3332 289920    0    0     0     0  112  242  0  3 97  0  0
 0  0      0 255840   3332 289920    0    0     0     0  115  242  0  3 97  0  0
 0  0      0 255840   3332 289920    0    0     0     0  104  244  0  1 99  0  0
 1  0      0 255840   3332 289920    0    0     0     0  111  226  0  4 96  0  0
 0  0      0 255840   3332 289920    0    0     0     0  108  233  0  2 98  0  0
 0  0      0 255840   3332 289920    0    0     0     0  100  231  0  3 97  0  0
 0  0      0 255840   3332 289920    0    0     0     0  129  251  0  3 97  0  0
 0  0      0 255840   3332 289920    0    0     0     8  112  247  0  4 96  0  0
 1  0      0 255840   3332 289920    0    0     0     0  112  239  0  3 97  0  0
 1  0      0 255840   3332 289920    0    0     0     0  107  224  0  3 97  0  0
 0  0      0 255840   3332 289920    0    0     0     0  117  242  0  3 97  0  0
 0  0      0 255840   3332 289920    0    0     0     0  108  237  0  1 99  0  0
 0  0      0 255840   3332 289920    0    0     0     0  107  238  0  3 97  0  0
 0  0      0 255840   3332 289920    0    0     0     0  101  239  0  0 100  0  0
 0  0      0 255840   3332 289920    0    0     0     0  102  229  0  3 97  0  0
 0  0      0 255840   3332 289920    0    0     0     0  105  226  0  2 98  0  0
 0  0      0 255840   3332 289920    0    0     0     0  114  245  0  3 97  0  0
 1  0      0 255840   3332 289920    0    0     0     0  114  251  0  1 99  0  0
 1  0      0 255840   3332 289920    0    0     0     0  112  236  0  4 96  0  0
 0  0      0 255840   3332 289920    0    0     0     0   94  210  0  4 96  0  0
procs -----------memory---------- ---swap-- -----io---- -system-- ------cpu-----
 r  b   swpd   free   buff  cache   si   so    bi    bo   in   cs us sy id wa st
 0  0      0 255840   3332 289920    0    0     0     0  114  248  0  2 98  0  0
 0  0      0 255840   3332 289920    0    0     0     0  114  244  0  3 97  0  0
 0  0      0 255840   3332 289920    0    0     0     0  111  239  0  3 97  0  0
 0  0      0 255840   3332 289920    0    0     0     4  118  233  1  3 96  0  0
 1  0      0 255840   3332 289920    0    0     0     0  108  228  0  3 97  0  0
 0  0      0 255840   3332 289920    0    0     0     0  113  228  0  3 97  0  0
 0  0      0 255840   3332 289920    0    0     0     0  108  241  0  4 96  0  0
 0  0      0 255840   3332 289920    0    0     0     2  112  247  0  1 99  0  0
 0  0      0 255840   3332 289920    0    0     0     0  105  242  0  4 96  0  0
 0  0      0 255840   3332 289920    0    0     0     0  119  238  0  3 97  0  0
 1  0      0 255840   3332 289920    0    0     0     0  107  230  0  3 97  0  0
 2  0      0 255840   3332 289920    0    0     0     0  110  238  0  4 96  0  0
 1  0      0 255840   3332 289920    0    0     0     0  102  234  0  2 98  0  0
 2  0      0 255840   3332 289920    0    0     0     0  103  221  0  4 96  0  0
 0  0      0 255840   3332 289920    0    0     0     0  106  238  0  2 98  0  0
 1  0      0 255840   3332 289920    0    0     0     0  103  225  0  3 97  0  0
 1  0      0 255840   3332 289920    0    0     0     0  110  241  0  4 96  0  0
 0  0      0 255840   3332 289928    0    0     0     0  104  247  0  3 97  0  0
 0  0      0 255840   3332 289928    0    0     0     8  106  235  0  1 99  0  0
 0  0      0 255840   3332 289928    0    0     0     0  110  232  0  4 96  0  0
 0  0      0 255840   3332 289928    0    0     0     0  103  235  0  1 99  0  0
procs -----------memory---------- ---swap-- -----io---- -system-- ------cpu-----
 r  b   swpd   free   buff  cache   si   so    bi    bo   in   cs us sy id wa st
 1  0      0 255840   3332 289928    0    0     0     0  106  232  0  2 98  0  0
 2  0      0 255840   3332 289928    0    0     0     0  108  238  1  3 96  0  0
 3  0      0 255840   3332 289928    0    0     0     0  104  233  0  3 97  0  0
 1  0      0 255840   3332 289928    0    0     0     0  106  229  0  2 98  0  0
 1  0      0 255840   3332 289928    0    0     0     0  100  226  0  3 97  0  0
 1  0      0 255840   3332 289928    0    0     0     0  106  227  0  4 96  0  0
 1  0      0 255840   3332 289928    0    0     0     0  117  246  0  4 96  0  0
 1  0      0 255840   3332 289928    0    0     0     0  116  238  0  1 99  0  0
 1  0      0 255840   3332 289928    0    0     0     0  116  252  0  3 97  0  0
 1  0      0 255840   3332 289928    0    0     0     0  111  234  0  2 98  0  0
 2  0      0 255840   3332 289928    0    0     0     0  109  242  0  3 97  0  0
 2  0      0 255840   3332 289928    0    0     0     0   99  223  0  1 99  0  0
 2  0      0 255840   3332 289928    0    0     0     0  104  232  1  3 96  0  0
 3  0      0 255840   3332 289928    0    0     0     0  109  231  0  3 97  0  0
 0  0      0 255840   3332 289928    0    0     0     0  113  238  0  3 97  0  0
 1  0      0 255840   3332 289928    0    0     0     0  115  235  0  3 97  0  0
 2  0      0 255840   3332 289928    0    0     0     2  123  242  0  4 96  0  0
 1  0      0 255840   3332 289928    0    0     0     0  103  223  0  2 98  0  0
 1  0      0 255840   3332 289928    0    0     0     0  110  236  0  3 97  0  0
 1  0      0 255840   3332 289928    0    0     0     0  108  233  0  3 97  0  0
 1  0      0 255840   3332 289928    0    0     0     0  108  234  0  2 98  0  0
procs -----------memory---------- ---swap-- -----io---- -system-- ------cpu-----
 r  b   swpd   free   buff  cache   si   so    bi    bo   in   cs us sy id wa st
 0  0      0 255840   3332 289928    0    0     0     0  105  229  0  4 96  0  0
 5  0      0 255840   3332 289928    0    0     0     0  103  226  0  1 99  0  0
 0  0      0 255840   3332 289928    0    0     0     0  111  234  0  4 96  0  0
 0  0      0 255840   3332 289928    0    0     0     0  113  239  0  3 97  0  0
 0  0      0 255840   3332 289928    0    0     0     0  110  238  0  2 98  0  0
 0  0      0 255840   3332 289928    0    0     0     0  119  256  0  3 96  1  0
 1  0      0 255840   3332 289928    0    0     0     0  103  232  0  2 98  0  0
 3  0      0 255840   3332 289928    0    0     0     8  108  228  0  2 98  0  0
 0  0      0 255840   3332 289928    0    0     0     0  109  233  0  3 97  0  0
 0  0      0 255840   3332 289928    0    0     0     0   99  226  0  4 96  0  0
 0  0      0 255840   3332 289928    0    0     0     0  102  235  0  0 100  0  0
 0  0      0 255840   3332 289928    0    0     0     0  103  236  0  2 98  0  0
 0  0      0 255840   3332 289928    0    0     0     0  103  227  0  2 98  0  0
 0  0      0 255840   3332 289928    0    0     0     0  113  243  0  3 97  0  0
 0  0      0 255840   3332 289928    0    0     0     0  108  236  0  2 98  0  0
 0  0      0 255840   3332 289928    0    0     0     0  113  242  0  3 97  0  0
 1  0      0 255840   3332 289928    0    0     0     0  117  250  0  1 99  0  0
 0  0      0 255840   3332 289928    0    0     0     0  104  240  0  4 96  0  0
 0  0      0 255840   3332 289928    0    0     0     0  116  244  0  2 98  0  0
 0  0      0 255840   3332 289928    0    0     0     0  113  232  0  4 96  0  0
 0  0      0 255840   3332 289928    0    0     0     0  111  236  0  1 99  0  0
procs -----------memory---------- ---swap-- -----io---- -system-- ------cpu-----
 r  b   swpd   free   buff  cache   si   so    bi    bo   in   cs us sy id wa st
 0  0      0 255840   3332 289936    0    0     0     0  101  236  0  3 97  0  0
 0  0      0 255840   3332 289936    0    0     0     0  109  243  0  1 99  0  0
 1  0      0 255840   3332 289936    0    0     0     0  105  227  0  3 97  0  0
 2  0      0 255840   3332 289936    0    0     0     0  106  235  0  3 97  0  0
 0  0      0 255840   3332 289936    0    0     0     2  112  247  0  1 99  0  0
 0  0      0 255840   3332 289936    0    0     0     0  116  234  1  4 95  0  0
 0  0      0 255840   3332 289936    0    0     0     0  111  231  0  3 97  0  0
 0  0      0 255840   3332 289936    0    0     0     0  117  245  0  3 97  0  0
 0  0      0 255840   3332 289936    0    0     0     0  101  220  0  3 97  0  0
 0  0      0 255840   3332 289936    0    0     0     0  108  240  0  1 99  0  0
 0  0      0 255840   3332 289936    0    0     0     0  108  236  0  4 96  0  0
 0  0      0 255840   3332 289936    0    0     0     0  110  237  0  3 97  0  0
 1  0      0 255840   3332 289936    0    0     0     0  110  241  0  2 98  0  0
 3  0      0 255840   3332 289936    0    0     0     0  108  233  0  2 98  0  0
 0  0      0 255840   3332 289936    0    0     0     0  104  236  0  3 97  0  0
 0  0      0 255840   3332 289936    0    0     0     0  111  242  0  2 98  0  0
 1  0      0 255840   3332 289936    0    0     0     0  110  235  0  3 97  0  0
 0  0      0 255840   3332 289936    0    0     0     8  113  248  0  2 98  0  0
 0  0      0 255840   3332 289936    0    0     0     0  110  231  0  4 96  0  0
 0  0      0 255840   3332 289936    0    0     0     0  103  231  0  1 99  0  0
 0  0      0 255840   3332 289936    0    0     0     0  106  230  0  3 97  0  0
procs -----------memory---------- ---swap-- -----io---- -system-- ------cpu-----
 r  b   swpd   free   buff  cache   si   so    bi    bo   in   cs us sy id wa st
 0  0      0 255840   3332 289936    0    0     0     0  108  234  0  2 98  0  0
 1  0      0 255840   3332 289936    0    0     0     0  121  242  0  3 97  0  0
 0  0      0 255840   3332 289936    0    0     0     0  111  240  0  3 97  0  0
 1  0      0 255840   3332 289936    0    0     0     0  110  231  0  3 97  0  0
 1  0      0 255840   3332 289936    0    0     0     0  106  230  0  3 97  0  0
 0  0      0 255840   3332 289936    0    0     0     0  108  233  0  2 98  0  0
 0  0      0 255840   3332 289936    0    0     0     0  121  250  0  4 96  0  0
 1  0      0 255840   3332 289936    0    0     0     0  108  234  0  3 97  0  0
 0  0      0 255840   3332 289936    0    0     0     0  109  241  0  1 99  0  0
 0  0      0 255840   3332 289936    0    0     0     0  103  219  0  3 97  0  0
 0  0      0 255840   3332 289936    0    0     0     0  116  234  0  3 97  0  0
 0  0      0 255840   3332 289936    0    0     0     0  110  229  0  3 97  0  0
 0  0      0 255840   3332 289936    0    0     0     4  117  242  0  3 97  0  0
 0  0      0 255840   3332 289936    0    0     0     2  124  260  0  4 96  0  0
 1  0      0 255840   3332 289936    0    0     0     0  110  234  0  2 98  0  0
 0  0      0 255840   3332 289936    0    0     0     0  101  222  1  3 96  0  0
 0  0      0 255840   3332 289936    0    0     0     0  114  249  0  2 98  0  0
 0  0      0 255840   3332 289936    0    0     0     0  103  236  0  2 98  0  0
 0  0      0 255840   3332 289936    0    0     0     0  105  236  0  4 96  0  0
 1  0      0 255840   3332 289936    0    0     0     0  104  225  0  1 99  0  0
 1  0      0 255840   3332 289936    0    0     0     0  105  226  0  4 96  0  0
procs -----------memory---------- ---swap-- -----io---- -system-- ------cpu-----
 r  b   swpd   free   buff  cache   si   so    bi    bo   in   cs us sy id wa st
 1  0      0 255840   3332 289936    0    0     0     0  110  235  0  2 98  0  0
 0  0      0 255840   3332 289936    0    0     0     0  111  236  0  3 97  0  0
 1  0      0 255840   3332 289936    0    0     0     0  115  232  0  3 97  0  0
 0  0      0 255840   3332 289944    0    0     0     0  106  233  0  3 97  0  0
 0  0      0 255840   3332 289944    0    0     0     0  112  245  0  2 98  0  0
 0  0      0 255840   3332 289944    0    0     0     0  106  239  0  3 97  0  0
 0  0      0 255840   3332 289944    0    0     0     8  125  252  0  2 98  0  0
 0  0      0 255840   3332 289944    0    0     0     0  103  238  0  1 99  0  0
 0  0      0 255840   3332 289944    0    0     0     0  111  241  0  3 97  0  0
 0  0      0 255840   3332 289944    0    0     0     0  111  230  1  3 96  0  0
 0  0      0 255840   3332 289944    0    0     0     0  107  235  0  1 99  0  0
 0  0      0 255840   3332 289944    0    0     0     0  111  235  0  4 96  0  0
 2  0      0 255840   3332 289944    0    0     0     0  111  244  0  3 97  0  0
 2  0      0 255840   3332 289944    0    0     0     0  108  245  0  2 98  0  0
 0  0      0 255840   3332 289944    0    0     0     0  109  248  0  2 98  0  0
 1  0      0 255840   3332 289944    0    0     0     0  108  240  0  3 97  0  0
 4  0      0 255840   3332 289944    0    0     0     0  104  227  0  2 98  0  0
 3  0      0 255840   3332 289944    0    0     0     0  111  228  0  3 97  0  0
 1  0      0 255840   3332 289944    0    0     0     0  111  233  0  2 98  0  0
 1  0      0 255840   3332 289944    0    0     0     0  113  240  0  3 97  0  0
 1  0      0 255840   3332 289944    0    0     0     0  114  240  0  4 96  0  0
procs -----------memory---------- ---swap-- -----io---- -system-- ------cpu-----
 r  b   swpd   free   buff  cache   si   so    bi    bo   in   cs us sy id wa st
 1  0      0 255840   3332 289944    0    0     0     0  110  249  0  1 99  0  0
 1  0      0 255840   3332 289944    0    0     0     3  107  239  0  3 97  0  0
 1  0      0 255840   3332 289944    0    0     0     0  111  236  0  1 99  0  0
 1  0      0 255840   3332 289944    0    0     0     0  128  257  0  5 95  0  0
 1  0      0 255840   3332 289944    0    0     0     0  123  251  0  2 98  0  0
 2  0      0 255600   3332 289944    0    0     0     0  126  250  0  3 97  0  0
